100
6 0205004
6 2500001
6 7000001
6 0122202
1 12
6 9453006
2 508
5 220101
2 001
6 0090001
3 9872
0 1
6 0004081
5 020021
5 111111
2 112
6 0000001
6 1212201
0 2
6 2012121
6 2060001
5 850036
6 0700501
4 11111
6 5332451
3 1601
6 9999999
6 0000001
6 0001004
1 01
6 2800908
6 2222222
6 0000001
6 2222001
6 4554842
4 12021
6 7004721
5 300701
0 2
6 3900901
0 1
1 01
6 7000001
3 6321
1 05
0 1
6 0000404
6 3116537
3 0005
5 110011
6 6000006
4 00001
6 0003851
2 009
1 01
5 009301
6 0020001
6 1111111
6 0070001
4 30061
6 8000301
6 0000161
5 000004
1 09
5 000003
6 2097196
6 0000001
6 0090071
2 001
6 2022201
6 0000001
6 2604061
6 0500001
4 00001
6 0022022
5 534472
6 0940501
6 5500001
6 0050201
1 15
6 0000011
6 2100011
4 40001
1 22
6 3692043
2 001
4 25891
5 305978
6 5939583
6 9000008
1 02
6 1221211
6 2110201
6 1112201
6 4572991
6 0000001
3 0001
5 400041
3 0011
6 2221001
